TIMEGPS=10000
DSTGPS=15
SETSAT=1
SETTRAFC=0
MINZOOM=0
STDZOOM=18
MAXZOOM=21
LAT=-6.237831
LON=106.818008